  #before cut the power off
  
  can0  601   [8]  40 64 60 00 00 00 00 00
  can0  602   [8]  40 0C 60 00 00 00 00 00
  can0  582   [8]  43 0C 60 00 72 15 00 00
  can0  603   [8]  40 0C 60 00 00 00 00 00
  can0  583   [8]  43 0C 60 00 AC F7 FF FF
  can0  604   [8]  40 0C 60 00 00 00 00 00
  can0  584   [8]  43 0C 60 00 44 00 00 00
  can0  601   [8]  40 6C 60 00 00 00 00 00
  can0  702   [1]  05
  can0  703   [1]  05
  can0  704   [1]  05
  can0  601   [8]  40 41 60 00 00 00 00 00
  can0  702   [1]  05
  can0  703   [1]  05
  can0  704   [1]  05
  can0  702   [1]  05
  can0  703   [1]  05
  can0  704   [1]  05
  can0  602   [8]  40 35 60 00 00 00 00 00
  can0  582   [8]  43 35 60 00 50 8F 00 00
  can0  603   [8]  40 35 60 00 00 00 00 00
  can0  583   [8]  43 35 60 00 57 83 00 00
  can0  604   [8]  40 35 60 00 00 00 00 00
  can0  584   [8]  43 35 60 00 C3 82 00 00
  can0  702   [1]  05
  can0  703   [1]  05
  can0  704   [1]  05
  can0  702   [1]  05
  can0  703   [1]  05

# the power off here

# re turn the power on

